1.334096448287504018e+03
9.433486453409823298e+02
7.702409435437141383e+02
6.670482241437520088e+02
5.966260693823783186e+02
5.446425943272849963e+02
5.042410610204682371e+02
4.716743226704911649e+02
4.446988160958347294e+02
4.218783394929553765e+02
4.022452139195842165e+02
3.851204717718570691e+02
3.700117808242299020e+02
3.565522736002727697e+02
3.444622217634645267e+02
3.335241120718760044e+02
3.235659159441617021e+02
3.144495484469941857e+02
3.060627157379877303e+02
2.983130346911891593e+02
2.911237123166298488e+02
2.844303184623714174e+02
2.781783392102934727e+02
2.723212971636424982e+02
2.668192896575008035e+02
2.616378393397234845e+02
2.567469811812380271e+02
2.521205305102341185e+02
2.477354911255518743e+02
2.435715728715301225e+02
2.396107955275248571e+02
2.358371613352455824e+02
2.322363825367105505e+02
2.287956533249531503e+02
2.255034578976772934e+02
2.223494080479173647e+02
2.193241050661396230e+02
2.164190217667017748e+02
2.136264012622019095e+02
2.109391697464776882e+02
2.083508610512877226e+02
2.058555511432905973e+02
2.034478010496500247e+02
2.011226069597921082e+02
1.988753564607928013e+02
1.967017900348101875e+02
1.945979670868281062e+02
1.925602358859285346e+02
1.905852068982148353e+02
1.886697290681964887e+02
1.868108686709495601e+02
1.850058904121149510e+02
1.832522404987146274e+02
1.815475314424283226e+02
1.798895283896270030e+02
1.782761368001363849e+02
1.767053913202350941e+02
1.751754457154574993e+02
1.736845637459351508e+02
1.722311108817322634e+02
1.708135467682901094e+02
1.694304183630160878e+02
1.680803536734894124e+02
1.667620560359380022e+02
1.654742988797462431e+02
1.642159209299411486e+02
1.629858218050046617e+02
1.617829579720808511e+02
1.606063390257859851e+02
1.594550242604627215e+02
1.583281195089174389e+02
1.572247742234970929e+02
1.561441787778527441e+02
1.550855619699381691e+02
1.540481887087428277e+02
1.530313578689938652e+02
1.520344002995995538e+02
1.510566769729814212e+02
1.500975772636651868e+02
1.491565173455945796e+02
1.482329386986115765e+02
1.473263067154217083e+02
1.464361094011520947e+02
1.455618561583149244e+02
1.447030766506257180e+02
1.438593197396991172e+02
1.430301524891615372e+02
1.422151592311857087e+02
1.414139406908768990e+02
1.406261131643184683e+02
1.398513077464357082e+02
1.390891696051467363e+02
1.383393572985568198e+02
1.376015421322127281e+02
1.368754075536670314e+02
1.361606485818212491e+02
1.354569712687099070e+02
1.347640921915688921e+02
1.340817379731947483e+02
1.334096448287504018e+02
1.327475581373124101e+02
1.320952320365780110e+02
1.314524290392673436e+02
1.308189196698617422e+02
1.301944821204154152e+02
1.295789019242691609e+02
1.289719716465751276e+02
1.283734905906190136e+02
1.277832645189951961e+02
1.272011053887552094e+02
1.266268310997094773e+02
1.260602652551170593e+02
1.255012369340493734e+02
1.249495804747607508e+02
1.244051352684422795e+02
1.238677455627759372e+02
1.233372602747432865e+02
1.228135328121779253e+02
1.222964209035829839e+02
1.217857864357650612e+02
1.212814952988640158e+02
1.207834172383834215e+02
1.202914257138512824e+02
1.198053977637624286e+02
1.193252138764756864e+02
1.188507578667576041e+02
1.183819167576834559e+02
1.179185806676227912e+02
1.174606427020528656e+02
1.170079988499580992e+02
1.165605478845874927e+02
1.161181912683552753e+02
1.156808330616814544e+02
1.152483798355810620e+02
1.148207405878215042e+02
1.143978266624765752e+02
1.139795516727161839e+02
1.135658314266788977e+02
1.131565838562828930e+02
1.127517289488386467e+02
1.123511886813341363e+02
1.119548869572696219e+02
1.115627495459263088e+02
1.111747040239586823e+02
1.107906797192059685e+02
1.104106076566242791e+02
1.100344205062448708e+02
1.096620525330698115e+02
1.092934395488202739e+02
1.089285188654569936e+02
1.085672292503965792e+02
1.082095108833508874e+02
1.078553053147205674e+02
1.075045554254768945e+02
1.071572053884696203e+02
1.068132006311009548e+02
1.064724877993094339e+02
1.061350147228094016e+02
1.058007303815349189e+02
1.054695848732388441e+02
1.051415293822006021e+02
1.048165161489980335e+02
1.044944984413006210e+02
1.041754305256438613e+02
1.038592676401459727e+02
1.035459659681297779e+02
1.032354826126147316e+02
1.029277755716452987e+02
1.026228037144233980e+02
1.023205267582142142e+02
1.020209052459958912e+02
1.017239005248250123e+02
1.014294747248907100e+02
1.011375907392320528e+02
1.008482122040936559e+02
1.005613034798960541e+02
1.002768296327983819e+02
9.999475641683127947e+01
9.971505025657988597e+01
9.943767823039640064e+01
9.916260805412372292e+01
9.888980806531144196e+01
9.861924720790702281e+01
9.835089501740509377e+01
9.808472160643884763e+01
9.782069765079825174e+01
9.755879437585984704e+01
9.729898354341405309e+01
9.704123743887662101e+01
9.678552885887035018e+01
9.653183109916523108e+01
9.628011794296426729e+01
9.603036364952366455e+01
9.578254294309608952e+01
9.553663100218606985e+01
9.529260344910741765e+01
9.505043633983250118e+01
9.481010615412382947e+01
9.457158978593868426e+01
9.433486453409824435e+01
9.409990809321182326e+01
9.386669854484907205e+01
9.363521434895129403e+01
9.340543433547478003e+01
9.317733769625851892e+01
9.295090397710939101e+01
9.272611307009782422e+01
9.250294520605747550e+01
9.228138094728252838e+01
9.206140118041646758e+01
9.184298710952639055e+01
9.162612024935731370e+01
9.141078241876071786e+01
9.119695573429243041e+01
9.098462260397410262e+01
9.077376572121416132e+01
9.056436805888262143e+01
9.035641286353586565e+01
9.014988364978633228e+01
8.994476419481350149e+01
8.974103853301123479e+01
8.953869095076818496e+01
8.933770598137689944e+01
8.913806840006819243e+01
8.893976321916693450e+01
8.874277568336590605e+01
8.854709126511430384e+01
8.835269566011754705e+01
8.815957478294545524e+01
8.796771476274524559e+01
8.777710193905711833e+01
8.758772285772874966e+01
8.739956426692663172e+01
8.721261311324116150e+01
8.702685653788287823e+01
8.684228187296757540e+01
8.665887663788774375e+01
8.647662853576777309e+01
8.629552545000100849e+01
8.611555544086613168e+01
8.593670674222092032e+01
8.575896775827112606e+01
8.558232706041269466e+01
8.540677338414505471e+01
8.523229562605405363e+01
8.505888284086208273e+01
8.488652423854415474e+01
8.471520918150804391e+01
8.454492718183664124e+01
8.437566789859107530e+01
8.420742113517303551e+01
8.404017683674470618e+01
8.387392508770480504e+01
8.370865610921936195e+01
8.354436025680580258e+01
8.338102801796900110e+01
8.321865000988793781e+01
8.305721697715173946e+01
8.289671978954383746e+01
8.273714943987312154e+01
8.257849704185061057e+01
8.242075382801110095e+01
8.226391114767794477e+01
8.210796046497057432e+01
8.195289335685316701e+01
8.179870151122391064e+01
8.164537672504353338e+01
8.149291090250233083e+01
8.134129605322463874e+01
8.119052429051004083e+01
8.104058782961014629e+01
8.089147898604042553e+01
8.074319017392586773e+01
8.059571390438011917e+01
8.044904278391685182e+01
8.030316951289299254e+01
8.015808688398270476e+01
8.001378778068182385e+01
7.987026517584162377e+01
7.972751213023136074e+01
7.958552179112925273e+01
7.944428739094065861e+01
7.930380224584330051e+01
7.916405975445871945e+01
7.902505339654939576e+01
7.888677673174093741e+01
7.874922339826868267e+01
7.861238711174854643e+01
7.847626166397083125e+01
7.834084092171744373e+01
7.820611882560105244e+01
7.807208938892637207e+01
7.793874669657279242e+01
7.780608490389785459e+01
7.767409823566130456e+01
7.754278098496908456e+01
7.741212751223685018e+01
7.728213224417281424e+01
7.715278967277906474e+01
7.702409435437141383e+01
7.689604090861708130e+01
7.676862401758991439e+01
7.664183842484281683e+01
7.651567893449693258e+01
7.639014041034724301e+01
7.626521777498437871e+01
7.614090600893202065e+01
7.601720014979977691e+01
7.589409529145119393e+01
7.577158658318651874e+01
7.564966922893989931e+01
7.552833848649071058e+01
7.540758966668887808e+01
7.528741813269363092e+01
7.516781929922576921e+01
7.504878863183259341e+01
7.493032164616602131e+01
7.481241390727291218e+01
7.469506102889776855e+01
7.457825867279728982e+01
7.446200254806694829e+01
7.434628841047867809e+01
7.423111206183035904e+01
7.411646934930578823e+01
7.400235616484597756e+01
7.388876844453078263e+01
7.377570216797103342e+01
7.366315335771085415e+01
7.355111807863993079e+01
7.343959243741578291e+01
7.332857258189528693e+01
7.321805470057604737e+01
7.310803502204655047e+01
7.299850981444579645e+01
7.288947538493157197e+01
7.278092807915746221e+01
7.267286428075843219e+01
7.256528041084480662e+01
7.245817292750440686e+01
7.235153832531285900e+01
